# 1976-09-26 TV Schedule for Втора програма
time	title
